camera_matrix:
- - 480.1029459658772
  - 0.0
  - 328.6576046841988
- - 0.0
  - 476.4892548459522
  - 224.87750109098508
- - 0.0
  - 0.0
  - 1.0
dist_coeff:
- - 0.592828493998875
  - -11.484691750912695
  - 0.022836043268668883
  - -0.013590765430713171
  - 56.893096967787734
